2 0.20703125 0.52578125 0.2671875 0.15703125
2 0.51953125 0.525 0.2671875 0.16015625
2 0.80703125 0.5234375 0.25 0.1515625
4 0.2984375 0.75390625 0.403125 0.26015625
4 0.73828125 0.759375 0.38671875 0.26015625
0 0.5140625 0.9109375 0.41484375 0.03828125
2 0.878125 0.934375 0.1421875 0.06796875
8 0.25 0.41328125 0.38671875 0.04609375
5 0.50546875 0.3171875 0.7953125 0.07578125
8 0.3578125 0.21796875 0.52265625 0.09453125
3 0.846875 0.08828125 0.159375 0.09453125
1 0.153125 0.07578125 0.14765625 0.059375